0.04344189	
0.04803478	
0.05819352	
0.06842826	
0.078425	
0.09741752	
0.1018184	
0.1119551	
0.1220799	
0.1322666	
0.1425644	
0.1525721	
0.1627309	
0.1729436	
0.1829913	
0.1933951	
0.2033228	
0.2134086	
0.2235383	
0.23366	
0.2445318	
0.2539345	
0.2644353	
0.274192	
0.2843558	
0.2947475	
0.3046372	
0.314768	
0.3249347	
0.3350045	
0.3451792	
0.3553189	
0.3733395	
0.3776654	
0.3878181	
0.3979589	
0.4081406	
0.4183303	
0.4284291	
0.4384858	
0.4486786	
0.4589673	
0.46898	
0.4790918	
0.4892195	
0.4994343	
0.509625	
0.5196388	
0.5298165	
0.5400642	
0.550215	
0.5602497	
0.5703985	
0.5805862	
0.5907349	
0.6009627	
0.6110424	
0.6212122	
0.6312839	
0.6414266	
0.6517324	
0.6617011	
0.6718539	
0.6819826	
0.6921834	
0.7024441	
0.7126468	
0.7227906	
0.7329463	
0.7430241	
0.7534258	
0.7633415	
0.7734053	
0.783523	
0.7936848	
0.8045275	
0.8141262	
0.824283	
0.8343917	
0.8445195	
0.8545912	
0.864843	
0.8749197	
0.8850464	
0.8951402	
0.9052809	
0.9155307	
0.9255924	
0.9356741	
0.9458039	
0.9561206	
0.9663094	
0.9762031	
0.9863809	
0.9964936	
1.006554	
1.016698	
1.026855	
1.045099	
1.049388	
1.059565	
1.069726	
1.079977	
1.089962	
1.100174	
1.110257	
1.120369	
1.130581	
1.140708	
1.150778	
1.160938	
1.171085	
1.181273	
1.191338	
1.201501	
1.211743	
1.222143	
1.231972	
1.242107	
1.252306	
1.262547	
1.272545	
1.28274	
1.292931	
1.302984	
1.313326	
1.323306	
1.333453	
1.343567	
1.353695	
1.363831	
1.373982	
1.384092	
1.394308	
1.404382	
1.414769	
1.424627	
1.434828	
1.44497	
1.455021	
1.465334	
1.475298	
1.485538	
1.495594	
1.505782	
1.515852	
1.526265	
1.536136	
1.546278	
1.5564	
1.566501	
1.576676	
1.586844	
1.597032	
1.607101	
1.617346	
1.627614	
1.645659	
1.649988	
1.66019	
1.670271	
1.680393	
1.690542	
1.700916	
1.710838	
1.7301	
1.734662	
1.744608	
1.754745	
1.764965	
1.775013	
1.785223	
1.803478	
1.807809	
1.81808	
1.828151	
1.838233	
1.848366	
1.858504	
1.868651	
1.878777	
1.888927	
1.899081	
1.909334	
1.919368	
1.929504	
1.939727	
1.949829	
1.959931	
1.970074	
1.980254	
1.990437	
2.000504	
2.010737	
2.020835	
2.0309	
2.041186	
2.0513	
2.061475	
2.071581	
2.081656	
2.099826	
2.104163	
2.114336	
2.124446	
2.134788	
2.145064	
2.154859	
2.16499	
2.17505	
2.185361	
2.195393	
2.205848	
2.215622	
2.225779	
2.236336	
2.246118	
2.256126	
2.266232	
2.276436	
2.286658	
2.296681	
2.306866	
2.317035	
2.32709	
2.337387	
2.347645	
2.357736	
2.367862	
2.377989	
2.388314	
2.398282	
2.408434	
2.418604	
2.428715	
2.43898	
2.448986	
2.459131	
2.469297	
2.479406	
2.489548	
2.499742	
2.517703	
2.521966	
2.532215	
2.542249	
2.553209	
2.56269	
2.572836	
2.582964	
2.593307	
2.603235	
2.613419	
2.623495	
2.633606	
2.643764	
2.653921	
2.664112	
2.674159	
2.692161	
2.69646	
2.706651	
2.716743	
2.726907	
2.737044	
2.747173	
2.757493	
2.767424	
2.777579	
2.787908	
2.806044	
2.810373	
2.820569	
2.83072	
2.840866	
2.851375	
2.861607	
2.871291	
2.881444	
2.891606	
2.901674	
2.911848	
2.921984	
2.932156	
2.942269	
2.952366	
2.962813	
2.972723	
2.982809	
2.992966	
3.003293	
3.013292	
3.023316	
3.033517	
3.043708	
3.05372	
3.063869	
3.074089	
3.084177	
3.094302	
3.104432	
3.114715	
3.124718	
3.134803	
3.144932	
3.155074	
3.165221	
3.175397	
3.185634	
3.195658	
3.205876	
3.215898	
3.226003	
3.236209	
3.246273	
3.256366	
3.266518	
3.276748	
3.28682	
3.296994	
3.307215	
3.317754	
3.327643	
3.337762	
3.347967	
3.358203	
3.368215	
3.378407	
3.388582	
3.398838	
3.408795	
3.419028	
3.429175	
3.43926	
3.449394	
3.459555	
3.469746	
3.479881	
3.490024	
3.500228	
3.510327	
3.520409	
3.530671	
3.540774	
3.550858	
3.560998	
3.571134	
3.581393	
3.591477	
3.601614	
3.611805	
3.622012	
3.63204	
3.642172	
3.652416	
3.662574	
3.672553	
3.682966	
3.693146	
3.703221	
3.713349	
3.724897	
3.74157	
3.745916	
3.756073	
3.766828	
3.776295	
3.786376	
3.79657	
3.806894	
3.825249	
3.829612	
3.839717	
3.850261	
3.860461	
3.87058	
3.880679	
3.890948	
3.901056	
3.911154	
3.921251	
3.931443	
3.941787	
3.951705	
3.961845	
3.97202	
3.98216	
3.99231	
4.002427	
4.012612	
4.022838	
4.03287	
4.043061	
4.053215	
4.063242	
4.073421	
4.083866	
4.093932	
4.104073	
4.11417	
4.124318	
4.134577	
4.14455	
4.15474	
4.164852	
4.174945	
4.185248	
4.195278	
4.205625	
4.215582	
4.225642	
4.236208	
4.245941	
4.256009	
4.266142	
4.276484	
4.286434	
4.296555	
4.306763	
4.316851	
4.335042	
4.339365	
4.349532	
4.359639	
4.369754	
4.379964	
4.397961	
4.402288	
4.412525	
4.422584	
4.432691	
4.442807	
4.453006	
4.463244	
4.473284	
4.483391	
4.493496	
4.511825	
4.523968	
4.528283	
4.538558	
4.548644	
4.558761	
4.56902	
4.579215	
4.589359	
4.599436	
4.60962	
4.619765	
4.629864	
4.640012	
4.650133	
4.660511	
4.670429	
4.680553	
4.690908	
4.700892	
4.711064	
4.72117	
4.731382	
4.741487	
4.751606	
4.761747	
4.771956	
4.782227	
4.792146	
4.802446	
4.812615	
4.82264	
4.832746	
4.842919	
4.853403	
4.86314	
4.873328	
4.883442	
4.89363	
4.903666	
4.913901	
4.924094	
4.934167	
4.944257	
4.95469	
4.964604	
4.974665	
4.984768	
4.99489	
5.015563	1137.67054	1137.66669	801.328142	801.324293	
5.020037	1137.67128	1137.66669	801.328876	801.324293	
5.030252	1137.67376	1137.66669	801.331357	801.324293	
5.040379	1137.67683	1137.66669	801.334428	801.324293	
5.050515	1137.68052	1137.66669	801.338119	801.324293	
5.060683	1137.68484	1137.67542	801.342442	801.324293	
5.0709	1137.68982	1137.67542	801.347415	801.333019	
5.080971	1137.69532	1137.67542	801.352919	801.333019	
5.091165	1137.70152	1137.67542	801.359122	801.333019	
5.101342	1137.70833	1137.67542	801.365932	801.333019	
5.11142	1137.71568	1137.67542	801.373281	801.341746	
5.121635	1137.72382	1137.67542	801.381415	801.350473	
5.132254	1137.73286	1137.67542	801.390458	801.350473	
5.142345	1137.74209	1137.67542	801.399687	801.359199	
5.152474	1137.75197	1137.68415	801.40957	801.367926	
5.162616	1137.76249	1137.68415	801.420089	801.376653	
5.172783	1137.77365	1137.69287	801.431249	801.385379	
5.182933	1137.78541	1137.69287	801.44301	801.394106	
5.193054	1137.79775	1137.7016	801.455352	801.402833	
5.203236	1137.81079	1137.7016	801.468394	801.411559	
5.213395	1137.82443	1137.71033	801.482027	801.420286	
5.22597	1137.84234	1137.71905	801.499937	801.437739	
5.236085	1137.85727	1137.72778	801.514874	801.446466	
5.246234	1137.87289	1137.73651	801.530487	801.455193	
5.256337	1137.88904	1137.74523	801.546641	801.472646	
5.266503	1137.90593	1137.75396	801.563527	801.490099	
5.276707	1137.92349	1137.76269	801.58109	801.498826	
5.286818	1137.94151	1137.77141	801.599105	801.507552	
5.296958	1137.96019	1137.78887	801.617786	801.525006	
5.307081	1137.97946	1137.79759	801.637061	801.542459	
5.317564	1138.00009	1137.81505	801.657691	801.559912	
5.330521	1138.0267	1137.8325	801.684296	801.586092	
5.340705	1138.04812	1137.84995	801.70572	801.603546	
5.350816	1138.07003	1137.86741	801.727626	801.629725	
5.360928	1138.09253	1137.88486	801.750135	801.647179	
5.371105	1138.11582	1137.90231	801.773422	801.664632	
5.381289	1138.13974	1137.91977	801.797339	801.682085	
5.391451	1138.16423	1137.94595	801.821833	801.708265	
5.401484	1138.18901	1137.9634	801.846609	801.734445	
5.411658	1138.21477	1137.98958	801.872368	801.751898	
5.421861	1138.24122	1138.01576	801.898819	801.778078	
5.43502	1138.2765	1138.05067	801.9341	801.812985	
5.445164	1138.3042	1138.07685	801.961798	801.839165	
5.455226	1138.33229	1138.11175	801.989887	801.856618	
5.473401	1138.38547	1138.13793	802.043072	801.891525	
5.477921	1138.39864	1138.18157	802.056236	801.926431	
5.488075	1138.42899	1138.21647	802.086586	801.952611	
5.498208	1138.45989	1138.25138	802.117489	801.978791	
5.508428	1138.4917	1138.28628	802.149302	802.013698	
5.51845	1138.52347	1138.32119	802.181073	802.039878	
5.528646	1138.55645	1138.36482	802.214048	802.066058	
5.539494	1138.59227	1138.40846	802.249865	802.100964	
5.549623	1138.62626	1138.45209	802.283863	802.135871	
5.559676	1138.66064	1138.49572	802.318236	802.170778	
5.569878	1138.69615	1138.53936	802.353748	802.205684	
5.580003	1138.732	1138.58299	802.389598	802.240591	
5.598345	1138.79943	1138.66153	802.457034	802.301677	
5.602797	1138.81584	1138.68771	802.473436	802.310404	
5.613267	1138.85529	1138.73134	802.512886	802.34531	
5.623153	1138.89245	1138.77498	802.550054	802.388944	
5.633288	1138.93158	1138.82734	802.58918	802.42385	
5.643901	1138.97327	1138.87097	802.630866	802.467483	
5.654074	1139.0138	1138.92333	802.671399	802.50239	
5.664172	1139.05469	1138.96696	802.712289	802.546023	
5.674259	1139.09607	1139.01932	802.753674	802.58093	
5.684414	1139.13839	1139.07168	802.795988	802.624563	
5.694515	1139.1811	1139.11532	802.8387	802.65947	
5.704658	1139.2246	1139.16768	802.882199	802.703103	
5.714804	1139.26873	1139.21131	802.926333	802.746736	
5.72521	1139.31608	1139.26367	802.973681	802.790369	
5.735061	1139.3587	1139.31603	803.016304	802.834003	
5.747242	1139.41416	1139.36839	803.071759	802.886363	
5.757384	1139.46085	1139.42075	803.118453	802.938722	
5.76817	1139.51126	1139.47311	803.16886	802.982356	
5.777557	1139.55557	1139.52547	803.213168	803.025989	
5.787674	1139.60401	1139.57783	803.261613	803.078349	
5.797836	1139.65328	1139.63019	803.31088	803.130709	
5.808121	1139.70377	1139.68255	803.361367	803.174342	
5.818259	1139.75417	1139.73491	803.411769	803.226702	
5.82846	1139.80552	1139.78727	803.463116	803.279062	
5.838599	1139.85715	1139.83963	803.514751	803.322695	
5.852455	1139.92906	1139.89199	803.586664	803.383781	
5.858901	1139.96255	1139.94435	803.620148	803.427415	
5.869018	1140.01592	1139.99671	803.673516	803.488501	
5.879136	1140.06991	1140.04907	803.727509	803.540861	
5.88931	1140.12481	1140.11015	803.782414	803.593221	
5.899475	1140.18031	1140.16251	803.837905	803.654307	
5.909634	1140.23637	1140.2236	803.893972	803.706667	
5.919669	1140.29234	1140.27596	803.949944	803.767754	
5.929882	1140.34996	1140.32832	804.007563	803.820114	
5.940079	1140.4081	1140.38941	804.065698	803.8812	
5.953003	1140.48296	1140.45049	804.14056	803.93356	
5.960372	1140.52575	1140.50285	804.183352	803.98592	
5.970504	1140.58536	1140.56394	804.242964	804.055733	
5.980704	1140.646	1140.62503	804.303602	804.108093	
5.990881	1140.70714	1140.67739	804.364736	804.16918	
6.000942	1140.76815	1140.73847	804.425752	804.230266	
6.011154	1140.83075	1140.79956	804.488346	804.291353	
6.021259	1140.89328	1140.86065	804.550881	804.352439	
6.03133	1140.9562	1140.92173	804.613801	804.413526	
6.041554	1141.02074	1140.98282	804.67834	804.474612	
6.051676	1141.08522	1141.04391	804.742815	804.535699	
6.063272	1141.15999	1141.12244	804.817585	804.614238	
6.073413	1141.22588	1141.18353	804.883485	804.675325	
6.083824	1141.29446	1141.25334	804.952064	804.736412	
6.104555	1141.43357	1141.38424	805.09117	804.876038	
6.109103	1141.46404	1141.41042	805.121637	804.902218	
6.119183	1141.53231	1141.48024	805.189912	804.972031	
6.129324	1141.60163	1141.55005	805.259232	805.033117	
6.139517	1141.67197	1141.61986	805.329568	805.102931	
6.149658	1141.74255	1141.68968	805.400146	805.172744	
6.163034	1141.83691	1141.75949	805.494513	805.242557	
6.169953	1141.88575	1141.82058	805.543353	805.31237	
6.180122	1141.95839	1141.89912	805.615993	805.39091	
6.198146	1142.08947	1142.02129	805.747071	805.52181	
6.202566	1142.12155	1142.0562	805.77915	805.556716	
6.213176	1142.19949	1142.13474	805.857088	805.626529	
6.223234	1142.27388	1142.20455	805.931482	805.705069	
6.233353	1142.34938	1142.28309	806.006981	805.783609	
6.243582	1142.42635	1142.3529	806.083948	805.853422	
6.253696	1142.50304	1142.43144	806.160636	805.931962	
6.263741	1142.57986	1142.50998	806.237459	806.010502	
6.273936	1142.65842	1142.58852	806.316018	806.080315	
6.284588	1142.74115	1142.66706	806.398747	806.167581	
6.302122	1142.87958	1142.80669	806.537179	806.307208	
6.306588	1142.9148	1142.84159	806.572403	806.342114	
6.31678	1142.99595	1142.92013	806.653551	806.411928	
6.334815	1143.14191	1143.05976	806.799512	806.560281	
6.339342	1143.1785	1143.10339	806.8361	806.595187	
6.349551	1143.2618	1143.18193	806.919399	806.673727	
6.359587	1143.34425	1143.26047	807.001845	806.760993	
6.373012	1143.45591	1143.34774	807.113512	806.839533	
6.379923	1143.51339	1143.43501	807.170995	806.918073	
6.390073	1143.59867	1143.52227	807.256271	807.00534	
6.400164	1143.68403	1143.60954	807.341626	807.092606	
6.410323	1143.77063	1143.69681	807.428229	807.179872	
6.42051	1143.85809	1143.78407	807.515686	807.267139	
6.430553	1143.9449	1143.86261	807.602498	807.354405	
6.44072	1144.03341	1143.9586	807.691007	807.441672	
6.451271	1144.12598	1144.04587	807.783583	807.528938	
6.461041	1144.21218	1144.13314	807.86978	807.616205	
6.47119	1144.30238	1144.2204	807.959978	807.712198	
6.482453	1144.40332	1144.32512	808.060921	807.808191	
6.492538	1144.49423	1144.41239	808.151831	807.904184	
6.502708	1144.58651	1144.49966	808.244112	808.000177	
6.512864	1144.67985	1144.58692	808.337447	808.09617	
6.522998	1144.77258	1144.68292	808.430181	808.192163	
6.533187	1144.86693	1144.77018	808.524535	808.288157	
6.543408	1144.96224	1144.86618	808.619841	808.38415	
6.553464	1145.05653	1144.95344	808.714126	808.480143	
6.563608	1145.15232	1145.04071	808.809923	808.576136	
6.573805	1145.24924	1145.1367	808.906836	808.680856	
6.586897	1145.37483	1145.25888	809.032435	808.803029	
6.613382	1145.63414	1145.43341	809.291744	808.986288	
6.617918	1145.67836	1145.55558	809.335959	809.117188	
6.628267	1145.78011	1145.65157	809.437713	809.213181	
6.638157	1145.87787	1145.74757	809.535468	809.317901	
6.648591	1145.98179	1145.85229	809.639394	809.413894	
6.658428	1146.08026	1145.94828	809.73786	809.518614	
6.668592	1146.1826	1146.053	809.840198	809.623333	
6.678712	1146.28513	1146.15772	809.942727	809.728053	
6.691489	1146.41574	1146.28862	810.073343	809.858953	
6.701642	1146.52	1146.38461	810.177604	809.963673	
6.711955	1146.62656	1146.48933	810.284161	810.059666	
6.721919	1146.73009	1146.60278	810.387687	810.164385	
6.741343	1146.9348	1146.80349	810.5924	810.373825	
6.74617	1146.98597	1146.85585	810.643571	810.417458	
6.756014	1147.08987	1146.96057	810.747467	810.530905	
6.76608	1147.19712	1147.07402	810.854722	810.635624	
6.776253	1147.30622	1147.17874	810.963817	810.740344	
6.786375	1147.4153	1147.29218	811.072904	810.845064	
6.796591	1147.52609	1147.40563	811.183687	810.949784	
6.806838	1147.63778	1147.51908	811.295382	811.054503	
6.816846	1147.74747	1147.63252	811.405066	811.16795	
6.834901	1147.94777	1147.83324	811.605372	811.368663	
6.839404	1147.99768	1147.8856	811.655279	811.412296	
6.849544	1148.11079	1147.99904	811.768391	811.525742	
6.85971	1148.2249	1148.11249	811.882504	811.630462	
6.869913	1148.33995	1148.22593	811.997545	811.743908	
6.879976	1148.45406	1148.33938	812.111655	811.857355	
6.890074	1148.5693	1148.46155	812.226901	811.962075	
6.910931	1148.81034	1148.69717	812.467937	812.188967	
6.915508	1148.86314	1148.74953	812.520744	812.241327	
6.937438	1149.12031	1149.00261	812.777907	812.485673	
6.947684	1149.24058	1149.12478	812.898178	812.607846	
6.958173	1149.36454	1149.23823	813.022137	812.721293	
6.968199	1149.48358	1149.3604	813.141182	812.834739	
6.978212	1149.60349	1149.47385	813.261094	812.956912	
6.988684	1149.72859	1149.60475	813.386193	813.070359	
6.998624	1149.84785	1149.71819	813.505449	813.192532	
7.017968	1150.07998	1149.95381	813.737577	813.410698	
7.028162	1150.20226	1150.07598	813.859857	813.532871	
7.038324	1150.32426	1150.19816	813.981861	813.655044	
7.048567	1150.44725	1150.32033	814.104849	813.777217	
7.059016	1150.57259	1150.4425	814.230189	813.89939	
7.068788	1150.68983	1150.5734	814.347429	814.021563	
7.078955	1150.81187	1150.69558	814.469469	814.143736	
7.089114	1150.93377	1150.81775	814.591365	814.265909	
7.099364	1151.05674	1150.93992	814.714341	814.388082	
7.109785	1151.18181	1151.07082	814.839405	814.518982	
7.126014	1151.37655	1151.27153	815.034153	814.719695	
7.135976	1151.49615	1151.39371	815.153745	814.841868	
7.146207	1151.61937	1151.52461	815.276973	814.972768	
7.165898	1151.85517	1151.64678	815.512773	815.103667	
7.170774	1151.91366	1151.82131	815.571261	815.2782	
7.180945	1152.0357	1151.95221	815.693301	815.400373	
7.191033	1152.15677	1152.07439	815.814369	815.531273	
7.201373	1152.28089	1152.19656	815.938485	815.662173	
7.211608	1152.40368	1152.32746	816.061281	815.793072	
7.228894	1152.61113	1152.45836	816.268725	815.923972	
7.233601	1152.66762	1152.60671	816.325221	816.072325	
7.244206	1152.79487	1152.72888	816.452469	816.203225	
7.254741	1152.92135	1152.85978	816.578949	816.334124	
7.264834	1153.04239	1152.98196	816.699993	816.465024	
7.274475	1153.15815	1153.10413	816.815745	816.587197	
7.293233	1153.38324	1153.23503	817.040841	816.726823	
7.298028	1153.44069	1153.39211	817.098285	816.901356	
7.308225	1153.56311	1153.52301	817.220709	817.023529	
7.318424	1153.68547	1153.64518	817.343073	817.154429	
7.338968	1153.93203	1153.76736	817.589625	817.285329	
7.34374	1153.98929	1153.95061	817.646889	817.477315	
7.354208	1154.11491	1154.08151	817.772505	817.608215	
7.364652	1154.24025	1154.20369	817.897845	817.739114	
7.374469	1154.35801	1154.32586	818.015613	817.870014	
7.384682	1154.48055	1154.44803	818.138145	818.000914	
7.394799	1154.60199	1154.57021	818.259585	818.123087	
7.405081	1154.72539	1154.69238	818.382993	818.253987	
7.423631	1154.94801	1154.91927	818.605605	818.489606	
7.428576	1155.00731	1154.97163	818.664909	818.541966	
7.447485	1155.23433	1155.19853	818.891925	818.786312	
7.457875	1155.35957	1155.31197	819.017169	818.908485	
7.468483	1155.48619	1155.43414	819.143793	819.030658	
7.478201	1155.60281	1155.54759	819.260409	819.161558	
7.488479	1155.72616	1155.66104	819.383757	819.283731	
7.498659	1155.84831	1155.78321	819.505905	819.405904	
7.508922	1155.97143	1155.89666	819.629025	819.528077	
7.519028	1156.09273	1156.01883	819.750333	819.65025	
7.529287	1156.21588	1156.13228	819.873477	819.78115	
7.546084	1156.41741	1156.24572	820.075005	819.903323	
7.550832	1156.47439	1156.38535	820.131993	820.042949	
7.561266	1156.59964	1156.4988	820.257237	820.165122	
7.57152	1156.72267	1156.62097	820.380273	820.287295	
7.58153	1156.84278	1156.73442	820.500381	820.409468	
7.591919	1156.96744	1156.85659	820.625037	820.531641	
7.602108	1157.08969	1156.97003	820.747293	820.653814	
7.612361	1157.21269	1157.08348	820.870293	820.775987	
7.622486	1157.33422	1157.20565	820.991817	820.89816	
7.632588	1157.45547	1157.32783	821.113065	821.020333	
7.654639	1157.7201	1157.44127	821.377701	821.142506	
7.659521	1157.77867	1157.63326	821.436273	821.343219	
7.669815	1157.90218	1157.74671	821.559777	821.465392	
7.679941	1158.0237	1157.86888	821.681301	821.587565	
7.690044	1158.14497	1157.99105	821.802573	821.709738	
7.70038	1158.26896	1158.11323	821.926557	821.840638	
7.710487	1158.39025	1158.2354	822.047853	821.962811	
7.72083	1158.51436	1158.35757	822.171957	822.084984	
7.731159	1158.63827	1158.47974	822.295869	822.207157	
7.741276	1158.75972	1158.60192	822.417321	822.32933	
7.757471	1158.95406	1158.80263	822.611661	822.521317	
7.767731	1159.07716	1158.9248	822.734757	822.64349	
7.777922	1159.20015	1159.0557	822.857745	822.765663	
7.788182	1159.32264	1159.17788	822.980241	822.887836	
7.798385	1159.44501	1159.30878	823.102605	823.010009	
7.808659	1159.56828	1159.43095	823.225881	823.140908	
7.818659	1159.68831	1159.56185	823.345905	823.254355	
7.829134	1159.81397	1159.68402	823.471569	823.376528	
7.839112	1159.93371	1159.80619	823.591305	823.498701	
7.849374	1160.05681	1159.93709	823.714413	823.620874	
7.864492	1160.23827	1160.06799	823.895865	823.743047	
7.869765	1160.30153	1160.19017	823.959129	823.86522	
7.879796	1160.422	1160.31234	824.079597	823.987393	
7.89021	1160.54692	1160.44324	824.204517	824.109566	
7.900316	1160.66823	1160.57414	824.325825	824.231739	
7.9105	1160.79041	1160.69631	824.448009	824.353912	
7.920688	1160.91269	1160.81849	824.570289	824.476085	
7.931052	1161.03736	1160.94939	824.694957	824.598258	
7.941144	1161.15813	1161.07156	824.815725	824.711705	
7.973887	1161.55104	1161.29845	825.208641	824.929871	
7.996001	1161.81642	1161.61261	825.474021	825.24403	
8.000652	1161.87222	1161.78714	825.529821	825.418563	
8.011118	1161.9978	1161.90932	825.655401	825.549463	
8.021395	1162.12113	1162.04022	825.778725	825.671636	
8.031396	1162.24113	1162.16239	825.898725	825.802536	
8.041474	1162.362	1162.28456	826.019601	825.924709	
8.051659	1162.48422	1162.40674	826.141821	826.046882	
8.073082	1162.74143	1162.52891	826.399029	826.169055	
8.077999	1162.80036	1162.72089	826.457961	826.369768	
8.088542	1162.92685	1162.84307	826.584453	826.500667	
8.098168	1163.04237	1162.97397	826.699965	826.62284	
8.108481	1163.16611	1163.09614	826.823709	826.745013	
8.118781	1163.28972	1163.21831	826.947321	826.875913	
8.128773	1163.40959	1163.34049	827.067189	827.006813	
8.138949	1163.53213	1163.47139	827.189733	827.128986	
8.149214	1163.65501	1163.59356	827.312613	827.259886	
8.159669	1163.7804	1163.71573	827.438001	827.382059	
8.176598	1163.98359	1163.84663	827.641185	827.512958	
8.181507	1164.04251	1163.98626	827.700105	827.652585	
8.191712	1164.16498	1164.11716	827.822577	827.783484	
8.20192	1164.28745	1164.23933	827.945049	827.905657	
8.212322	1164.41231	1164.3615	828.069909	828.036557	
8.222231	1164.53122	1164.4924	828.188817	828.15873	
8.234851	1164.68266	1164.61458	828.340257	828.280903	
8.243224	1164.78313	1164.74548	828.440733	828.411803	
8.253077	1164.90135	1164.86765	828.558945	828.533976	
8.263194	1165.02274	1164.98982	828.680337	828.664876	
8.287773	1165.31766	1165.112	828.975261	828.787049	
8.300898	1165.47521	1165.35634	829.132809	829.022668	
8.305701	1165.5328	1165.51342	829.190397	829.179748	
8.315767	1165.65359	1165.63559	829.311189	829.310647	
8.326198	1165.77776	1165.76649	829.435359	829.43282	
8.33639	1165.89849	1165.89739	829.556092	829.56372	
8.346496	1166.01763	1166.01957	829.675232	829.685893	
8.356715	1166.13737	1166.14174	829.79497	829.808066	
8.366705	1166.25394	1166.26391	829.911536	829.938966	
8.377028	1166.37368	1166.39481	830.031281	830.061139	
8.397331	1166.60619	1166.63916	830.263793	830.305485	
8.402169	1166.6617	1166.70025	830.319297	830.357845	
8.412432	1166.77857	1166.82242	830.43617	830.480018	
8.422609	1166.89388	1166.93586	830.55148	830.602191	
8.432784	1167.00854	1167.05804	830.666136	830.724364	
8.44305	1167.12356	1167.18021	830.781161	830.846537	
8.453276	1167.23757	1167.29366	830.895169	830.959984	
8.463218	1167.34775	1167.41583	831.00535	831.07343	
8.473544	1167.46163	1167.52928	831.119227	831.195603	
8.483569	1167.57152	1167.65145	831.229116	831.309049	
8.507623	1167.83082	1167.91325	831.488419	831.579575	
8.517824	1167.94054	1168.0267	831.598142	831.693022	
8.527911	1168.04844	1168.14014	831.706043	831.806468	
8.53818	1168.15773	1168.25359	831.815328	831.911188	
8.548355	1168.26531	1168.35831	831.922913	832.024634	
8.558351	1168.37042	1168.47175	832.028023	832.138081	
8.568458	1168.47611	1168.5852	832.133707	832.242801	
8.578653	1168.58211	1168.68992	832.239707	832.34752	
8.588943	1168.68845	1168.80337	832.346047	832.45224	
8.599243	1168.79429	1168.90809	832.451887	832.55696	
8.625829	1169.06182	1169.04771	832.719418	832.696586	
8.63061	1169.11005	1169.23097	832.767649	832.879846	
8.640795	1169.21216	1169.33569	832.869759	832.975839	
8.651268	1169.31655	1169.44041	832.974151	833.080559	
8.661245	1169.41526	1169.54513	833.072864	833.185278	
8.671466	1169.51584	1169.64112	833.17344	833.289998	
8.681842	1169.61733	1169.74584	833.274932	833.385991	
8.691867	1169.71474	1169.84184	833.372344	833.481984	
8.702026	1169.81288	1169.93783	833.470476	833.586704	
8.726061	1170.04057	1170.03382	833.698169	833.682697	
8.730725	1170.08479	1170.21708	833.742395	833.865957	
8.741013	1170.18184	1170.31308	833.839437	833.96195	
8.751345	1170.27855	1170.40907	833.936153	834.057943	
8.761521	1170.37323	1170.50506	834.030831	834.145209	
8.772428	1170.47398	1170.59233	834.131576	834.249929	
8.781783	1170.55989	1170.69705	834.217489	834.337196	
8.79205	1170.65349	1170.78432	834.311086	834.433189	
8.802199	1170.7454	1170.87158	834.403004	834.529182	
8.823049	1170.93113	1170.96758	834.58873	834.616448	
8.83581	1171.04401	1171.1072	834.701609	834.756075	
8.840511	1171.08559	1171.22065	834.743191	834.869521	
8.85066	1171.17463	1171.30791	834.832228	834.965514	
8.861188	1171.26628	1171.39518	834.92388	835.052781	
8.871096	1171.35196	1171.48245	835.009559	835.140047	
8.881272	1171.43933	1171.56971	835.096931	835.227314	
8.891418	1171.52591	1171.65698	835.183508	835.31458	
8.901659	1171.6126	1171.74425	835.270199	835.401846	
8.911781	1171.69765	1171.83151	835.355251	835.489113	
8.936023	1171.89694	1171.93623	835.554537	835.593833	
8.940919	1171.93728	1172.06713	835.594877	835.733459	
8.951094	1172.02044	1172.1544	835.678038	835.811999	
8.961048	1172.10119	1172.23294	835.758794	835.890539	
8.971319	1172.18388	1172.32021	835.841483	835.977805	
8.981791	1172.26756	1172.39875	835.925163	836.056345	
8.991673	1172.34592	1172.47728	836.003519	836.134885	
9.001971	1172.4269	1172.56455	836.084498	836.222151	
9.012029	1172.50546	1172.64309	836.163064	836.300691	
9.034557	1172.67757	1172.72163	836.335173	836.379231	
9.039441	1172.71493	1172.8438	836.372529	836.510131	
9.049478	1172.79109	1172.93107	836.448695	836.58867	
9.059737	1172.86831	1173.00088	836.525911	836.658484	
9.070093	1172.94556	1173.07942	836.603157	836.74575	
9.080043	1173.01923	1173.15796	836.676827	836.815563	
9.090434	1173.09586	1173.22778	836.753461	836.894103	
9.100436	1173.16838	1173.30632	836.825982	836.972643	
9.110671	1173.24232	1173.37613	836.899918	837.042456	
9.120766	1173.31457	1173.45467	836.972171	837.112269	
9.145831	1173.48928	1173.56812	837.146883	837.234442	
9.150576	1173.52247	1173.66411	837.180068	837.321709	
9.160826	1173.59348	1173.73392	837.251078	837.391522	
9.171019	1173.6634	1173.80374	837.320996	837.461335	
9.18128	1173.73319	1173.87355	837.390788	837.531148	
9.191696	1173.80343	1173.94336	837.461026	837.600961	
9.201646	1173.8699	1174.01317	837.527496	837.670774	
9.256195	1174.20959	1174.13535	837.867191	837.792948	
9.288488	1174.40664	1174.57168	838.064243	838.22928	
9.321127	1174.59951	1174.78112	838.25711	838.438719	
9.360272	1174.82107	1174.85966	838.478672	838.517259	
9.396016	1175.01627	1175.09528	838.673872	838.761605	
9.428632	1175.18846	1175.42689	838.846061	839.093218	
9.474275	1175.41562	1175.68869	839.073221	839.355017	
9.507812	1175.57716	1175.88068	839.234761	839.538277	
9.540636	1175.72913	1176.03776	839.386735	839.704083	
9.585906	1175.92534	1176.10757	839.582935	839.76517	
9.618492	1176.06184	1176.3781	839.719442	840.026969	
9.650957	1176.19155	1176.509	839.849149	840.157869	
9.6958	1176.35795	1176.55263	840.015546	840.201502	
9.718112	1176.43939	1176.74461	840.096985	840.393488	
9.728292	1176.47629	1176.77952	840.133894	840.428395	
9.738756	1176.51363	1176.81443	840.171232	840.463301	
9.748725	1176.54865	1176.84933	840.206247	840.498208	
9.758919	1176.58387	1176.87551	840.241467	840.524388	
9.769106	1176.61847	1176.91042	840.276074	840.559294	
9.779326	1176.65262	1176.94533	840.310218	840.585474	
9.79745	1176.71092	1176.99769	840.368521	840.637834	
9.807684	1176.74349	1177.02387	840.401086	840.672741	
9.817878	1176.77535	1177.05005	840.432954	840.698921	
9.828084	1176.80666	1177.08495	840.464262	840.733827	
9.838334	1176.83753	1177.11113	840.495125	840.760007	
9.848432	1176.86736	1177.14604	840.524955	840.786187	
9.858618	1176.89688	1177.17222	840.55448	840.812367	
9.868996	1176.92637	1177.1984	840.583965	840.847274	
9.878975	1176.95415	1177.22458	840.611753	840.873454	
9.906055	1177.02424	1177.25076	840.681838	840.899634	
9.910895	1177.03694	1177.31185	840.694541	840.951993	
9.921048	1177.06284	1177.33803	840.720444	840.978173	
9.931333	1177.0885	1177.36421	840.7461	841.004353	
9.941516	1177.11336	1177.39039	840.770958	841.030533	
9.951704	1177.13764	1177.41657	840.795238	841.056713	
9.961857	1177.16126	1177.43402	840.81886	841.074167	
9.972284	1177.18494	1177.46893	840.842536	841.100346	
9.982416	1177.20739	1177.48638	840.86499	841.126526	
10.00452	1177.25295	1177.51256	840.91055	841.152706	
10.00922	1177.26274	1177.55619	840.92034	841.187613	
10.01952	1177.28347	1177.58237	840.94107	841.213793	
10.02976	1177.30348	1177.59983	840.961084	841.231246	
10.03979	1177.32259	1177.61728	840.980187	841.248699	
10.05006	1177.34155	1177.63473	840.999148	841.266153	
10.06027	1177.35984	1177.64346	841.017438	841.274879	
10.10449	1177.42448	1177.67837	841.082079	841.309786	
10.12651	1177.45553	1177.68709	841.113135	841.318513	
10.13126	1177.46233	1177.69582	841.119929	841.318513	
10.14146	1177.47625	1177.68709	841.133852	841.318513	
10.15189	1177.48993	1177.68709	841.147534	841.318513	
10.16192	1177.50259	1177.67837	841.160193	841.309786	
10.17215	1177.51497	1177.67837	841.172571	841.301059	
10.18242	1177.52687	1177.67837	841.184467	841.301059	
10.19257	1177.53811	1177.66964	841.195709	841.301059	
10.21686	1177.56121	1177.66964	841.218811	841.309786	
10.22163	1177.56588	1177.66964	841.223476	841.318513	
10.23183	1177.57521	1177.66964	841.232807	841.318513	
10.24205	1177.58405	1177.66964	841.241653	841.318513	
10.25223	1177.59236	1177.66964	841.24996	841.327239	
10.26258	1177.60031	1177.67837	841.257905	841.335966	
10.27263	1177.60755	1177.67837	841.265147	841.335966	
10.28298	1177.6145	1177.67837	841.272103	841.344693	
10.29318	1177.62088	1177.68709	841.278476	841.353419	
10.30322	1177.62669	1177.69582	841.284291	841.353419	
10.3134	1177.63212	1177.69582	841.28972	841.362146	
10.32648	1177.63825	1177.70455	841.29585	841.370873	
10.33596	1177.64238	1177.71327	841.299978	841.370873	
10.34608	1177.64634	1177.71327	841.303939	841.379599	
10.35622	1177.64988	1177.71327	841.307483	841.379599	
10.36638	1177.65301	1177.71327	841.310615	841.379599	
10.3765	1177.65574	1177.71327	841.313338	841.379599	
10.38669	1177.65809	1177.71327	841.315689	841.379599	
10.39686	1177.66007	1177.71327	841.317669	841.370873	
10.41486	1177.66224	1177.71327	841.319839	841.370873	
10.42263	1177.66669	1177.71327	841.324293	841.370873	
10.43021	1177.66669	1177.71327	841.324293	841.362146	
10.43966	1177.66669	1177.70455	841.324293	841.362146	
10.44976	1177.66669	1177.70455	841.324293	841.353419	
10.45989	1177.66669	1177.69582	841.324293	841.344693	
10.47012	1177.66669	1177.69582	841.324293	841.335966	
10.48019	1177.66669	1177.68709	841.324293	841.335966	
10.49035	1177.66669	1177.67837	841.324293	841.327239	
10.50053	1177.66669	1177.67837	841.324293	841.327239	
10.51064	1177.66669	1177.66964	841.324293	841.318513	
10.52074	1177.66669	1177.66091	841.324293	841.318513	
10.53147	1177.66669	1177.66091	841.324293	841.318513	
10.54135	1177.66669	1177.66091	841.324293	841.309786	
10.55128	1177.66669	1177.65219	841.324293	841.309786	
10.56138	1177.66669	1177.65219	841.324293	841.301059	
10.57153	1177.66669	1177.65219	841.324293	841.301059	
10.58166	1177.66669	1177.65219	841.324293	841.309786	
10.59184	1177.66669	1177.65219	841.324293	841.309786	
10.60196	1177.66669	1177.65219	841.324293	841.318513	
10.61215	1177.66669	1177.65219	841.324293	841.318513	
10.62236	1177.66669	1177.64346	841.324293	841.327239	
10.6328	1177.66669	1177.64346	841.324293	841.335966	
10.64299	1177.66669	1177.65219	841.324293	841.335966	
10.6532	1177.66669	1177.66091	841.324293	841.335966	
10.66322	1177.66669	1177.66091	841.324293	841.335966	
10.67338	1177.66669	1177.66964	841.324293	841.335966	
10.68352	1177.66669	1177.67837	841.324293	841.335966	
10.69366	1177.66669	1177.67837	841.324293	841.335966	
10.70379	1177.66669	1177.67837	841.324293	841.335966	
10.71392	1177.66669	1177.68709	841.324293	841.335966	
10.72408	1177.66669	1177.68709	841.324293	841.335966	
10.73757	1177.66669	1177.68709	841.324293	841.335966	
10.74815	1177.66669	1177.68709	841.324293	841.335966	
10.75776	1177.66669	1177.68709	841.324293	841.335966	
10.76821	1177.66669	1177.68709	841.324293	841.335966	
10.77837	1177.66669	1177.68709	841.324293	841.335966	
10.78855	1177.66669	1177.68709	841.324293	841.335966	
10.80685	1177.66669	1177.68709	841.324293	841.335966	
10.81187	1177.66669	1177.67837	841.324293	841.335966	
10.82196	1177.66669	1177.67837	841.324293	841.335966	
10.83186	1177.66669	1177.67837	841.324293	841.335966	
10.84182	1177.66669	1177.67837	841.324293	841.335966	
10.85204	1177.66669	1177.67837	841.324293	841.335966	
10.86215	1177.66669	1177.67837	841.324293	841.335966	
10.87225	1177.66669	1177.67837	841.324293	841.335966	
10.88237	1177.66669	1177.67837	841.324293	841.335966	
10.89259	1177.66669	1177.67837	841.324293	841.335966	
10.903	1177.66669	1177.67837	841.324293	841.335966	
10.91311	1177.66669	1177.67837	841.324293	841.335966	
10.92325	1177.66669	1177.67837	841.324293	841.335966	
10.93342	1177.66669	1177.67837	841.324293	841.335966	
10.94354	1177.66669	1177.67837	841.324293	841.335966	
10.95368	1177.66669	1177.67837	841.324293	841.335966	
10.96385	1177.66669	1177.67837	841.324293	841.335966	
10.97406	1177.66669	1177.67837	841.324293	841.335966	
10.98411	1177.66669	1177.67837	841.324293	841.335966	
10.9942	1177.66669	1177.67837	841.324293	841.335966	
11.01081	1177.66669	1177.67837	841.324293	841.335966	
11.02092	1177.66669	1177.67837	841.324293	841.335966	
11.03106	1177.66669	1177.67837	841.324293	841.335966	
11.04119	1177.66669	1177.67837	841.324293	841.335966	
11.05136	1177.66669	1177.67837	841.324293	841.335966	
11.06146	1177.66669	1177.67837	841.324293	841.335966	
11.07165	1177.66669	1177.67837	841.324293	841.335966	
11.08178	1177.66669	1177.67837	841.324293	841.335966	
11.09195	1177.66669	1177.67837	841.324293	841.335966	
11.1021	1177.66669	1177.67837	841.324293	841.335966	
11.11221	1177.66669	1177.67837	841.324293	841.335966	
11.1224	1177.66669	1177.67837	841.324293	841.335966	
11.13258	1177.66669	1177.67837	841.324293	841.335966	
11.14271	1177.66669	1177.67837	841.324293	841.335966	
11.15281	1177.66669	1177.67837	841.324293	841.335966	
11.16299	1177.66669	1177.67837	841.324293	841.335966	
11.17313	1177.66669	1177.67837	841.324293	841.335966	
11.18324	1177.66669	1177.67837	841.324293	841.335966	
11.19339	1177.66669	1177.67837	841.324293	841.335966	
11.20356	1177.66669	1177.67837	841.324293	841.335966	
11.21368	1177.66669	1177.67837	841.324293	841.335966	
11.22383	1177.66669	1177.67837	841.324293	841.335966	
11.23391	1177.66669	1177.67837	841.324293	841.335966	
11.24413	1177.66669	1177.67837	841.324293	841.335966	
11.25428	1177.66669	1177.67837	841.324293	841.335966	
11.26436	1177.66669	1177.67837	841.324293	841.335966	
11.27449	1177.66669	1177.67837	841.324293	841.335966	
11.28466	1177.66669	1177.67837	841.324293	841.335966	
11.29479	1177.66669	1177.67837	841.324293	841.335966	
11.3049	1177.66669	1177.67837	841.324293	841.335966	
11.31504	1177.66669	1177.67837	841.324293	841.335966	
11.32549	1177.66669	1177.67837	841.324293	841.335966	
11.33542	1177.66669	1177.67837	841.324293	841.335966	
11.34551	1177.66669	1177.67837	841.324293	841.335966	
11.35604	1177.66669	1177.67837	841.324293	841.335966	
11.36584	1177.66669	1177.67837	841.324293	841.335966	
11.37586	1177.66669	1177.67837	841.324293	841.335966	
11.386	1177.66669	1177.67837	841.324293	841.335966	
11.39615	1177.66669	1177.67837	841.324293	841.335966	
11.40632	1177.66669	1177.67837	841.324293	841.335966	
11.41643	1177.66669	1177.67837	841.324293	841.335966	
11.42656	1177.66669	1177.67837	841.324293	841.335966	
11.43674	1177.66669	1177.67837	841.324293	841.335966	
11.4469	1177.66669	1177.67837	841.324293	841.335966	
11.46484	1177.66669	1177.67837	841.324293	841.335966	
11.46937	1177.66669	1177.67837	841.324293	841.335966	
11.47951	1177.66669	1177.67837	841.324293	841.335966	
11.48959	1177.66669	1177.67837	841.324293	841.335966	
11.49979	1177.66669	1177.67837	841.324293	841.335966	
11.50992	1177.66669	1177.67837	841.324293	841.335966	
11.51999	1177.66669	1177.67837	841.324293	841.335966	
11.53014	1177.66669	1177.67837	841.324293	841.335966	
11.5403	1177.66669	1177.67837	841.324293	841.335966	
11.55839	1177.66669	1177.67837	841.324293	841.335966	
11.56328	1177.66669	1177.67837	841.324293	841.335966	
11.5731	1177.66669	1177.67837	841.324293	841.335966	
11.58319	1177.66669	1177.67837	841.324293	841.335966	
11.59332	1177.66669	1177.67837	841.324293	841.335966	
11.60351	1177.66669	1177.67837	841.324293	841.335966	
11.61361	1177.66669	1177.67837	841.324293	841.335966	
11.62375	1177.66669	1177.67837	841.324293	841.335966	
11.63385	1177.66669	1177.67837	841.324293	841.335966	
11.64407	1177.66669	1177.67837	841.324293	841.335966	
11.65418	1177.66669	1177.67837	841.324293	841.335966	
11.66467	1177.66669	1177.67837	841.324293	841.335966	
11.67447	1177.66669	1177.67837	841.324293	841.335966	
11.68459	1177.66669	1177.67837	841.324293	841.335966	
11.69473	1177.66669	1177.67837	841.324293	841.335966	
11.7048	1177.66669	1177.67837	841.324293	841.335966	
11.71495	1177.66669	1177.67837	841.324293	841.335966	
11.72514	1177.66669	1177.67837	841.324293	841.335966	
11.73521	1177.66669	1177.67837	841.324293	841.335966	
11.75484	1177.66669	1177.67837	841.324293	841.335966	
11.7593	1177.66669	1177.67837	841.324293	841.335966	
11.76944	1177.66669	1177.67837	841.324293	841.335966	
11.78035	1177.66669	1177.67837	841.324293	841.335966	
11.79834	1177.66669	1177.67837	841.324293	841.335966	
11.8028	1177.66669	1177.67837	841.324293	841.335966	
11.81298	1177.66669	1177.67837	841.324293	841.335966	
11.82312	1177.66669	1177.67837	841.324293	841.335966	
11.83324	1177.66669	1177.67837	841.324293	841.335966	
11.84342	1177.66669	1177.67837	841.324293	841.335966	
11.85355	1177.66669	1177.67837	841.324293	841.335966	
11.86364	1177.66669	1177.67837	841.324293	841.335966	
11.87383	1177.66669	1177.67837	841.324293	841.335966	
11.88396	1177.66669	1177.67837	841.324293	841.335966	
11.89415	1177.66669	1177.67837	841.324293	841.335966	
11.90419	1177.66669	1177.67837	841.324293	841.335966	
11.91467	1177.66669	1177.67837	841.324293	841.335966	
11.9245	1177.66669	1177.67837	841.324293	841.335966	
11.93466	1177.66669	1177.67837	841.324293	841.335966	
11.94478	1177.66669	1177.67837	841.324293	841.335966	
11.95491	1177.66669	1177.67837	841.324293	841.335966	
11.96509	1177.66669	1177.67837	841.324293	841.335966	
11.97543	1177.66669	1177.67837	841.324293	841.335966	
11.98538	1177.66669	1177.67837	841.324293	841.335966	
11.99561	1177.66669	1177.67837	841.324293	841.335966	
12.00568	1177.66669	1177.67837	841.324293	841.335966	
12.0158	1177.66669	1177.67837	841.324293	841.335966	
12.02591	1177.66669	1177.67837	841.324293	841.335966	
12.03605	1177.66669	1177.67837	841.324293	841.335966	
12.04621	1177.66669	1177.67837	841.324293	841.335966	
12.05627	1177.66669	1177.67837	841.324293	841.335966	
12.06648	1177.66669	1177.67837	841.324293	841.335966	
12.07656	1177.66669	1177.67837	841.324293	841.335966	
12.08794	1177.66669	1177.67837	841.324293	841.335966	
12.09686	1177.66669	1177.67837	841.324293	841.335966	
12.11492	1177.66669	1177.67837	841.324293	841.335966	
12.11942	1177.66669	1177.67837	841.324293	841.335966	
12.12954	1177.66669	1177.67837	841.324293	841.335966	
12.1397	1177.66669	1177.67837	841.324293	841.335966	
12.14985	1177.66669	1177.67837	841.324293	841.335966	
12.15998	1177.66669	1177.67837	841.324293	841.335966	
12.17011	1177.66669	1177.67837	841.324293	841.335966	
12.18043	1177.66669	1177.67837	841.324293	841.335966	
12.1905	1177.66669	1177.67837	841.324293	841.335966	
12.20052	1177.66669	1177.67837	841.324293	841.335966	
12.21074	1177.66669	1177.67837	841.324293	841.335966	
12.22096	1177.66669	1177.67837	841.324293	841.335966	
12.23107	1177.66669	1177.67837	841.324293	841.335966	
12.24119	1177.66669	1177.67837	841.324293	841.335966	
12.25132	1177.66669	1177.67837	841.324293	841.335966	
12.26148	1177.66669	1177.67837	841.324293	841.335966	
12.27164	1177.66669	1177.67837	841.324293	841.335966	
12.28182	1177.66669	1177.67837	841.324293	841.335966	
12.29199	1177.66669	1177.67837	841.324293	841.335966	
12.30214	1177.66669	1177.67837	841.324293	841.335966	
12.31223	1177.66669	1177.67837	841.324293	841.335966	
12.32233	1177.66669	1177.67837	841.324293	841.335966	
12.33255	1177.66669	1177.67837	841.324293	841.335966	
12.34271	1177.66669	1177.67837	841.324293	841.335966	
12.35285	1177.66669	1177.67837	841.324293	841.335966	
12.36299	1177.66669	1177.67837	841.324293	841.335966	
12.3734	1177.66669	1177.67837	841.324293	841.335966	
12.38363	1177.66669	1177.67837	841.324293	841.335966	
12.39341	1177.66669	1177.67837	841.324293	841.335966	
12.40355	1177.66669	1177.67837	841.324293	841.335966	
12.41374	1177.66669	1177.67837	841.324293	841.335966	
12.42377	1177.66669	1177.67837	841.324293	841.335966	
12.43392	1177.66669	1177.67837	841.324293	841.335966	
12.44412	1177.66669	1177.67837	841.324293	841.335966	
12.45425	1177.66669	1177.67837	841.324293	841.335966	
12.46436	1177.66669	1177.67837	841.324293	841.335966	
12.47476	1177.66669	1177.67837	841.324293	841.335966	
12.48468	1177.66669	1177.67837	841.324293	841.335966	
12.49478	1177.66669	1177.67837	841.324293	841.335966	
12.50487	1177.66669	1177.67837	841.324293	841.335966	
12.515	1177.66669	1177.67837	841.324293	841.335966	
12.52517	1177.66669	1177.67837	841.324293	841.335966	
12.53528	1177.66669	1177.67837	841.324293	841.335966	
12.55334	1177.66669	1177.67837	841.324293	841.335966	
12.55784	1177.66669	1177.67837	841.324293	841.335966	
12.568	1177.66669	1177.67837	841.324293	841.335966	
12.57812	1177.66669	1177.67837	841.324293	841.335966	
12.58839	1177.66669	1177.67837	841.324293	841.335966	
12.59849	1177.66669	1177.67837	841.324293	841.335966	
12.60857	1177.66669	1177.67837	841.324293	841.335966	
12.61872	1177.66669	1177.67837	841.324293	841.335966	
12.62887	1177.66669	1177.67837	841.324293	841.335966	
12.63907	1177.66669	1177.67837	841.324293	841.335966	
12.64918	1177.66669	1177.67837	841.324293	841.335966	
12.65931	1177.66669	1177.67837	841.324293	841.335966	
12.66955	1177.66669	1177.67837	841.324293	841.335966	
12.67962	1177.66669	1177.67837	841.324293	841.335966	
12.6898	1177.66669	1177.67837	841.324293	841.335966	
12.69994	1177.66669	1177.67837	841.324293	841.335966	
12.71015	1177.66669	1177.67837	841.324293	841.335966	
12.72027	1177.66669	1177.67837	841.324293	841.335966	
12.73038	1177.66669	1177.67837	841.324293	841.335966	
12.74054	1177.66669	1177.67837	841.324293	841.335966	
12.75073	1177.66669	1177.67837	841.324293	841.335966	
12.76087	1177.66669	1177.67837	841.324293	841.335966	
12.77096	1177.66669	1177.67837	841.324293	841.335966	
12.78189	1177.66669	1177.67837	841.324293	841.335966	
12.79198	1177.66669	1177.67837	841.324293	841.335966	
12.80208	1177.66669	1177.67837	841.324293	841.335966	
12.81236	1177.66669	1177.67837	841.324293	841.335966	
12.82244	1177.66669	1177.67837	841.324293	841.335966	
12.83249	1177.66669	1177.67837	841.324293	841.335966	
12.84268	1177.66669	1177.67837	841.324293	841.335966	
12.85286	1177.66669	1177.67837	841.324293	841.335966	
12.86302	1177.66669	1177.67837	841.324293	841.335966	
12.87313	1177.66669	1177.67837	841.324293	841.335966	
12.88344	1177.66669	1177.67837	841.324293	841.335966	
12.89349	1177.66669	1177.67837	841.324293	841.335966	
12.90357	1177.66669	1177.67837	841.324293	841.335966	
12.91369	1177.66669	1177.67837	841.324293	841.335966	
12.92382	1177.66669	1177.67837	841.324293	841.335966	
12.93393	1177.66669	1177.67837	841.324293	841.335966	
12.94455	1177.66669	1177.67837	841.324293	841.335966	
12.95428	1177.66669	1177.67837	841.324293	841.335966	
12.96436	1177.66669	1177.67837	841.324293	841.335966	
12.97454	1177.66669	1177.67837	841.324293	841.335966	
12.9846	1177.66669	1177.67837	841.324293	841.335966	
12.99483	1177.66669	1177.67837	841.324293	841.335966	
13.00494	1177.66669	1177.67837	841.324293	841.335966	
13.01506	1177.66669	1177.67837	841.324293	841.335966	
13.02519	1177.66669	1177.67837	841.324293	841.335966	
13.03538	1177.66669	1177.67837	841.324293	841.335966	
13.04606	1177.66669	1177.67837	841.324293	841.335966	
13.05566	1177.66669	1177.67837	841.324293	841.335966	
13.06587	1177.66669	1177.67837	841.324293	841.335966	
13.07593	1177.66669	1177.67837	841.324293	841.335966	
13.08603	1177.66669	1177.67837	841.324293	841.335966	
13.09632	1177.66669	1177.67837	841.324293	841.335966	
13.10632	1177.66669	1177.67837	841.324293	841.335966	
13.11644	1177.66669	1177.67837	841.324293	841.335966	
13.12665	1177.66669	1177.67837	841.324293	841.335966	
13.13668	1177.66669	1177.67837	841.324293	841.335966	
13.14702	1177.66669	1177.67837	841.324293	841.335966	
13.1571	1177.66669	1177.67837	841.324293	841.335966	
13.16714	1177.66669	1177.67837	841.324293	841.335966	
13.17731	1177.66669	1177.67837	841.324293	841.335966	
13.18743	1177.66669	1177.67837	841.324293	841.335966	
13.19766	1177.66669	1177.67837	841.324293	841.335966	
13.20779	1177.66669	1177.67837	841.324293	841.335966	
13.2179	1177.66669	1177.67837	841.324293	841.335966	
13.22814	1177.66669	1177.67837	841.324293	841.335966	
13.23831	1177.66669	1177.67837	841.324293	841.335966	
13.24837	1177.66669	1177.67837	841.324293	841.335966	
13.25848	1177.66669	1177.67837	841.324293	841.335966	
13.26862	1177.66669	1177.67837	841.324293	841.335966	
13.27881	1177.66669	1177.67837	841.324293	841.335966	
13.28894	1177.66669	1177.67837	841.324293	841.335966	
13.29907	1177.66669	1177.67837	841.324293	841.335966	
13.30934	1177.66669	1177.67837	841.324293	841.335966	
13.3194	1177.66669	1177.67837	841.324293	841.335966	
13.32956	1177.66669	1177.67837	841.324293	841.335966	
13.33974	1177.66669	1177.67837	841.324293	841.335966	
13.34983	1177.66669	1177.67837	841.324293	841.335966	
13.35997	1177.66669	1177.67837	841.324293	841.335966	
13.37011	1177.66669	1177.67837	841.324293	841.335966	
13.38074	1177.66669	1177.67837	841.324293	841.335966	
13.39046	1177.66669	1177.67837	841.324293	841.335966	
13.40051	1177.66669	1177.67837	841.324293	841.335966	
13.41074	1177.66669	1177.67837	841.324293	841.335966	
13.42093	1177.66669	1177.67837	841.324293	841.335966	
13.43894	1177.66669	1177.67837	841.324293	841.335966	
13.44342	1177.66669	1177.67837	841.324293	841.335966	
13.45358	1177.66669	1177.67837	841.324293	841.335966	
13.46373	1177.66669	1177.67837	841.324293	841.335966	
13.47384	1177.66669	1177.67837	841.324293	841.335966	
13.48411	1177.66669	1177.67837	841.324293	841.335966	
13.49419	1177.66669	1177.67837	841.324293	841.335966	
13.50457	1177.66669	1177.67837	841.324293	841.335966	
13.51439	1177.66669	1177.67837	841.324293	841.335966	
13.52453	1177.66669	1177.67837	841.324293	841.335966	
13.54262	1177.66669	1177.67837	841.324293	841.335966	
13.54711	1177.66669	1177.67837	841.324293	841.335966	
13.55763	1177.66669	1177.67837	841.324293	841.335966	
13.56769	1177.66669	1177.67837	841.324293	841.335966	
13.5779	1177.66669	1177.67837	841.324293	841.335966	
13.58798	1177.66669	1177.67837	841.324293	841.335966	
13.59809	1177.66669	1177.67837	841.324293	841.335966	
13.60824	1177.66669	1177.67837	841.324293	841.335966	
13.61834	1177.66669	1177.67837	841.324293	841.335966	
13.62856	1177.66669	1177.67837	841.324293	841.335966	
13.64662	1177.66669	1177.67837	841.324293	841.335966	
13.6511	1177.66669	1177.67837	841.324293	841.335966	
13.66125	1177.66669	1177.67837	841.324293	841.335966	
13.67141	1177.66669	1177.67837	841.324293	841.335966	
13.68153	1177.66669	1177.67837	841.324293	841.335966	
13.69167	1177.66669	1177.67837	841.324293	841.335966	
13.70184	1177.66669	1177.67837	841.324293	841.335966	
13.71199	1177.66669	1177.67837	841.324293	841.335966	
13.72236	1177.66669	1177.67837	841.324293	841.335966	
13.73226	1177.66669	1177.67837	841.324293	841.335966	
13.74244	1177.66669	1177.67837	841.324293	841.335966	
13.75261	1177.66669	1177.67837	841.324293	841.335966	
13.76274	1177.66669	1177.67837	841.324293	841.335966	
13.77282	1177.66669	1177.67837	841.324293	841.335966	
13.79172	1177.66669	1177.67837	841.324293	841.335966	
13.79622	1177.66669	1177.67837	841.324293	841.335966	
13.80636	1177.66669	1177.67837	841.324293	841.335966	
13.81649	1177.66669	1177.67837	841.324293	841.335966	
13.82671	1177.66669	1177.67837	841.324293	841.335966	
13.83682	1177.66669	1177.67837	841.324293	841.335966	
13.85525	1177.66669	1177.67837	841.324293	841.335966	
13.85978	1177.66669	1177.67837	841.324293	841.335966	
13.86996	1177.66669	1177.67837	841.324293	841.335966	
13.88005	1177.66669	1177.67837	841.324293	841.335966	
13.89019	1177.66669	1177.67837	841.324293	841.335966	
13.90029	1177.66669	1177.67837	841.324293	841.335966	
13.9105	1177.66669	1177.67837	841.324293	841.335966	
13.92096	1177.66669	1177.67837	841.324293	841.335966	
13.93076	1177.66669	1177.67837	841.324293	841.335966	
13.94092	1177.66669	1177.67837	841.324293	841.335966	
13.95898	1177.66669	1177.67837	841.324293	841.335966	
13.96346	1177.66669	1177.67837	841.324293	841.335966	
13.97369	1177.66669	1177.67837	841.324293	841.335966	
13.98373	1177.66669	1177.67837	841.324293	841.335966	
13.99391	1177.66669	1177.67837	841.324293	841.335966	
14.0041	1177.66669	1177.67837	841.324293	841.335966	
14.01455	1177.66669	1177.67837	841.324293	841.335966	
14.02453	1177.66669	1177.67837	841.324293	841.335966	
14.03445	1177.66669	1177.67837	841.324293	841.335966	
14.04457	1177.66669	1177.67837	841.324293	841.335966	
14.06258	1177.66669	1177.67837	841.324293	841.335966	
14.0674	1177.66669	1177.67837	841.324293	841.335966	
14.07761	1177.66669	1177.67837	841.324293	841.335966	
14.09715	1177.66669	1177.67837	841.324293	841.335966	
14.10163	1177.66669	1177.67837	841.324293	841.335966	
14.11186	1177.66669	1177.67837	841.324293	841.335966	
14.12191	1177.66669	1177.67837	841.324293	841.335966	
14.13212	1177.66669	1177.67837	841.324293	841.335966	
14.14228	1177.66669	1177.67837	841.324293	841.335966	
14.15241	1177.66669	1177.67837	841.324293	841.335966	
14.16252	1177.66669	1177.67837	841.324293	841.335966	
14.17264	1177.66669	1177.67837	841.324293	841.335966	
14.1828	1177.66669	1177.67837	841.324293	841.335966	
14.19302	1177.66669	1177.67837	841.324293	841.335966	
14.20311	1177.66669	1177.67837	841.324293	841.335966	
14.21332	1177.66669	1177.67837	841.324293	841.335966	
14.22366	1177.66669	1177.67837	841.324293	841.335966	
14.23357	1177.66669	1177.67837	841.324293	841.335966	
14.24371	1177.66669	1177.67837	841.324293	841.335966	
14.25385	1177.66669	1177.67837	841.324293	841.335966	
14.26396	1177.66669	1177.67837	841.324293	841.335966	
14.27457	1177.66669	1177.67837	841.324293	841.335966	
14.28432	1177.66669	1177.67837	841.324293	841.335966	
14.29443	1177.66669	1177.67837	841.324293	841.335966	
14.30456	1177.66669	1177.67837	841.324293	841.335966	
14.31465	1177.66669	1177.67837	841.324293	841.335966	
14.32485	1177.66669	1177.67837	841.324293	841.335966	
14.33494	1177.66669	1177.67837	841.324293	841.335966	
14.34508	1177.66669	1177.67837	841.324293	841.335966	
14.35521	1177.66669	1177.67837	841.324293	841.335966	
14.36545	1177.66669	1177.67837	841.324293	841.335966	
14.38373	1177.66669	1177.67837	841.324293	841.335966	
14.3883	1177.66669	1177.67837	841.324293	841.335966	
14.39845	1177.66669	1177.67837	841.324293	841.335966	
14.40853	1177.66669	1177.67837	841.324293	841.335966	
14.41863	1177.66669	1177.67837	841.324293	841.335966	
14.42889	1177.66669	1177.67837	841.324293	841.335966	
14.43904	1177.66669	1177.67837	841.324293	841.335966	
14.44914	1177.66669	1177.67837	841.324293	841.335966	
14.45926	1177.66669	1177.67837	841.324293	841.335966	
14.46944	1177.66669	1177.67837	841.324293	841.335966	
14.4796	1177.66669	1177.67837	841.324293	841.335966	
14.48971	1177.66669	1177.67837	841.324293	841.335966	
14.49987	1177.66669	1177.67837	841.324293	841.335966	
14.50999	1177.66669	1177.67837	841.324293	841.335966	
14.52012	1177.66669	1177.67837	841.324293	841.335966	
14.5303	1177.66669	1177.67837	841.324293	841.335966	
14.54047	1177.66669	1177.67837	841.324293	841.335966	
14.55067	1177.66669	1177.67837	841.324293	841.335966	
14.56073	1177.66669	1177.67837	841.324293	841.335966	
14.57085	1177.66669	1177.67837	841.324293	841.335966	
14.58105	1177.66669	1177.67837	841.324293	841.335966	
14.59124	1177.66669	1177.67837	841.324293	841.335966	
14.60133	1177.66669	1177.67837	841.324293	841.335966	
14.61146	1177.66669	1177.67837	841.324293	841.335966	
14.62165	1177.66669	1177.67837	841.324293	841.335966	
14.63185	1177.66669	1177.67837	841.324293	841.335966	
14.64195	1177.66669	1177.67837	841.324293	841.335966	
14.65211	1177.66669	1177.67837	841.324293	841.335966	
14.66221	1177.66669	1177.67837	841.324293	841.335966	
14.67238	1177.66669	1177.67837	841.324293	841.335966	
14.68246	1177.66669	1177.67837	841.324293	841.335966	
14.69267	1177.66669	1177.67837	841.324293	841.335966	
14.71077	1177.66669	1177.67837	841.324293	841.335966	
14.71525	1177.66669	1177.67837	841.324293	841.335966	
14.72554	1177.66669	1177.67837	841.324293	841.335966	
14.736	1177.66669	1177.67837	841.324293	841.335966	
14.74586	1177.66669	1177.67837	841.324293	841.335966	
14.75591	1177.66669	1177.67837	841.324293	841.335966	
14.766	1177.66669	1177.67837	841.324293	841.335966	
14.77608	1177.66669	1177.67837	841.324293	841.335966	
14.78655	1177.66669	1177.67837	841.324293	841.335966	
14.79639	1177.66669	1177.67837	841.324293	841.335966	
14.80655	1177.66669	1177.67837	841.324293	841.335966	
14.81664	1177.66669	1177.67837	841.324293	841.335966	
14.82682	1177.66669	1177.67837	841.324293	841.335966	
14.85341	1177.66669	1177.67837	841.324293	841.335966	
14.85786	1177.66669	1177.67837	841.324293	841.335966	
14.86813	1177.66669	1177.67837	841.324293	841.335966	
14.87821	1177.66669	1177.67837	841.324293	841.335966	
14.88837	1177.66669	1177.67837	841.324293	841.335966	
14.89847	1177.66669	1177.67837	841.324293	841.335966	
14.90868	1177.66669	1177.67837	841.324293	841.335966	
14.92672	1177.66669	1177.67837	841.324293	841.335966	
14.93118	1177.66669	1177.67837	841.324293	841.335966	
14.94136	1177.66669	1177.67837	841.324293	841.335966	
14.95152	1177.66669	1177.67837	841.324293	841.335966	
14.96163	1177.66669	1177.67837	841.324293	841.335966	
14.97179	1177.66669	1177.67837	841.324293	841.335966	
14.9819	1177.66669	1177.67837	841.324293	841.335966	
14.99212	1177.66669	1177.67837	841.324293	841.335966	
15.00225	1177.66669	1177.67837	841.324293	841.335966	
15.0124	1177.66669	1177.67837	841.324293	841.335966	
15.02253	1177.66669	1177.67837	841.324293	841.335966	
15.03266	1177.66669	1177.67837	841.324293	841.335966	
15.04284	1177.66669	1177.67837	841.324293	841.335966	
15.05307	1177.66669	1177.67837	841.324293	841.335966	
15.06323	1177.66669	1177.67837	841.324293	841.335966	
15.07329	1177.66669	1177.67837	841.324293	841.335966	
15.08339	1177.66669	1177.67837	841.324293	841.335966	
15.09353	1177.66669	1177.67837	841.324293	841.335966	
15.10367	1177.66669	1177.67837	841.324293	841.335966	
15.11384	1177.66669	1177.67837	841.324293	841.335966	
15.12407	1177.66669	1177.67837	841.324293	841.335966	
15.13412	1177.66669	1177.67837	841.324293	841.335966	
15.14493	1177.66669	1177.67837	841.324293	841.335966	
15.15443	1177.66669	1177.67837	841.324293	841.335966	
15.16456	1177.66669	1177.67837	841.324293	841.335966	
15.17468	1177.66669	1177.67837	841.324293	841.335966	
15.18478	1177.66669	1177.67837	841.324293	841.335966	
15.19494	1177.66669	1177.67837	841.324293	841.335966	
15.2051	1177.66669	1177.67837	841.324293	841.335966	
15.22319	1177.66669	1177.67837	841.324293	841.335966	
15.22771	1177.66669	1177.67837	841.324293	841.335966	
15.23785	1177.66669	1177.67837	841.324293	841.335966	
15.24804	1177.66669	1177.67837	841.324293	841.335966	
15.25813	1177.66669	1177.67837	841.324293	841.335966	
15.26831	1177.66669	1177.67837	841.324293	841.335966	
15.27851	1177.66669	1177.67837	841.324293	841.335966	
15.28856	1177.66669	1177.67837	841.324293	841.335966	
15.29867	1177.66669	1177.67837	841.324293	841.335966	
15.30893	1177.66669	1177.67837	841.324293	841.335966	
15.31906	1177.66669	1177.67837	841.324293	841.335966	
15.32919	1177.66669	1177.67837	841.324293	841.335966	
15.33958	1177.66669	1177.67837	841.324293	841.335966	
15.34955	1177.66669	1177.67837	841.324293	841.335966	
15.35969	1177.66669	1177.67837	841.324293	841.335966	
15.36982	1177.66669	1177.67837	841.324293	841.335966	
15.37998	1177.66669	1177.67837	841.324293	841.335966	
15.39008	1177.66669	1177.67837	841.324293	841.335966	
15.40023	1177.66669	1177.67837	841.324293	841.335966	
15.41038	1177.66669	1177.67837	841.324293	841.335966	
15.42058	1177.66669	1177.67837	841.324293	841.335966	
15.43072	1177.66669	1177.67837	841.324293	841.335966	
15.44079	1177.66669	1177.67837	841.324293	841.335966	
15.45098	1177.66669	1177.67837	841.324293	841.335966	
15.46115	1177.66669	1177.67837	841.324293	841.335966	
15.47131	1177.66669	1177.67837	841.324293	841.335966	
15.48141	1177.66669	1177.67837	841.324293	841.335966	
15.49155	1177.66669	1177.67837	841.324293	841.335966	
15.50178	1177.66669	1177.67837	841.324293	841.335966	
15.51188	1177.66669	1177.67837	841.324293	841.335966	
15.52195	1177.66669	1177.67837	841.324293	841.335966	
15.53211	1177.66669	1177.67837	841.324293	841.335966	
15.54231	1177.66669	1177.67837	841.324293	841.335966	
15.55241	1177.66669	1177.67837	841.324293	841.335966	
15.56258	1177.66669	1177.67837	841.324293	841.335966	
15.57273	1177.66669	1177.67837	841.324293	841.335966	
15.58295	1177.66669	1177.67837	841.324293	841.335966	
15.59301	1177.66669	1177.67837	841.324293	841.335966	
15.60335	1177.66669	1177.67837	841.324293	841.335966	
15.61337	1177.66669	1177.67837	841.324293	841.335966	
15.62344	1177.66669	1177.67837	841.324293	841.335966	
15.63354	1177.66669	1177.67837	841.324293	841.335966	
15.64369	1177.66669	1177.67837	841.324293	841.335966	
15.65385	1177.66669	1177.67837	841.324293	841.335966	
15.66416	1177.66669	1177.67837	841.324293	841.335966	
15.67414	1177.66669	1177.67837	841.324293	841.335966	
15.68429	1177.66669	1177.67837	841.324293	841.335966	
15.69451	1177.66669	1177.67837	841.324293	841.335966	
15.70458	1177.66669	1177.67837	841.324293	841.335966	
15.7147	1177.66669	1177.67837	841.324293	841.335966	
15.72522	1177.66669	1177.67837	841.324293	841.335966	
15.73519	1177.66669	1177.67837	841.324293	841.335966	
15.76346	1177.66669	1177.67837	841.324293	841.335966	
