8.463343	0.0	0.0	0.0	0.0	
8.473524000000001	0.001703	0.0	0.001703	0.0	
8.483652000000001	0.00401	0.0	0.00401	0.0	
8.493738	0.006917	0.0	0.006917	0.0	
8.503923	0.010478	0.008727	0.010478	0.0	
8.514141	0.014679	0.017453	0.014679	0.017453	
8.524189999999999	0.019409	0.034907	0.019409	0.02618	
8.534316	0.024794	0.05236	0.024794	0.043633	
8.544417999999999	0.03078	0.069813	0.03078	0.061087	
8.554603	0.037437	0.087266	0.037437	0.07854	
8.564879	0.044795	0.113446	0.044795	0.087266	
8.574945	0.052598	0.139626	0.052598	0.113446	
8.585075	0.061069	0.165806	0.061069	0.1309	
8.595205	0.070158	0.191986	0.070158	0.148353	
8.605295	0.07982	0.218166	0.07982	0.174533	
8.61547	0.090185	0.244346	0.090185	0.191986	
8.625611	0.101136	0.279253	0.101136	0.218166	
8.636313000000001	0.113584	0.305433	0.113584	0.244346	
8.646089	0.125141	0.340339	0.125141	0.270526	
8.656167	0.137873	0.366519	0.137873	0.296706	
8.666442	0.151489	0.401426	0.151489	0.331613	
8.676505	0.165419	0.436332	0.165419	0.366519	
8.686594	0.180001	0.471239	0.180001	0.392699	
8.69679	0.195367	0.506145	0.195367	0.427606	
8.706911	0.21123	0.541052	0.21123	0.462512	
8.717092999999998	0.22781	0.567232	0.22781	0.497419	
8.727205999999999	0.244892	0.610865	0.244892	0.532325	
8.737343	0.262632	0.645772	0.262632	0.567232	
8.747529	0.281084	0.680678	0.281084	0.602139	
8.757547	0.29983	0.715585	0.29983	0.645772	
8.767786	0.319624	0.750492	0.319624	0.680678	
8.777959	0.339908	0.785398	0.339908	0.715585	
8.788038	0.360606	0.820305	0.360606	0.750492	
8.798209	0.382121	0.863938	0.382121	0.794125	
8.808641999999999	0.404856	0.898845	0.404856	0.837758	
8.818448	0.426779	0.942478	0.426779	0.872665	
8.828542	0.449961	0.977384	0.449961	0.916298	
8.83866	0.473811	1.012291	0.473811	0.959931	
8.848792	0.498319	1.047198	0.498319	0.994838	
8.858893	0.52337	1.090831	0.52337	1.029744	
8.869092	0.549293	1.125737	0.549293	1.082104	
8.879224	0.575636	1.169371	0.575636	1.117011	
8.88937	0.602658	1.204277	0.602658	1.160644	
8.907531	0.653423	1.24791	0.653423	1.204277	
8.911814999999999	0.665315	1.291544	0.665315	1.24791	
8.921969	0.694337	1.32645	0.694337	1.291544	
8.93205	0.723751	1.370083	0.723751	1.335177	
8.942226	0.754073	1.413717	0.754073	1.37881	
8.952311	0.784722	1.448623	0.784722	1.413717	
8.962528	0.816415	1.492257	0.816415	1.45735	
8.972714999999999	0.848666	1.53589	0.848666	1.500983	
8.982803	0.881144	1.570796	0.881144	1.544616	
8.992966000000001	0.914517	1.605703	0.914517	1.58825	
9.003026	0.948143	1.649336	0.948143	1.623156	
9.013237	0.982928	1.692969	0.982928	1.666789	
9.023351	1.017976	1.736603	1.017976	1.710423	
9.033491	1.053739	1.771509	1.053739	1.754056	
9.043682	1.090303	1.815142	1.090303	1.797689	
9.053718	1.126929	1.850049	1.126929	1.832596	
9.063889999999999	1.164657	1.893682	1.164657	1.876229	
9.074142	1.203327	1.937315	1.203327	1.919862	
9.084157000000001	1.241671	1.972222	1.241671	1.963495	
9.094331	1.281272	2.015855	1.281272	2.007129	
9.112583	1.354785	2.059489	1.354785	2.050762	
9.116883	1.37199	2.103122	1.37199	2.103122	
9.127061999999999	1.413615	2.146755	1.413615	2.146755	
9.137164	1.455522	2.181662	1.455522	2.190388	
9.147306	1.498218	2.225295	1.498218	2.234021	
9.157525999999999	1.541889	2.268928	1.541889	2.277655	
9.168229	1.588353	2.303835	1.588353	2.321288	
9.177758	1.63017	2.347468	1.63017	2.364921	
9.187823	1.674951	2.382374	1.674951	2.408554	
9.198001	1.720886	2.426008	1.720886	2.452188	
9.208086999999999	1.767037	2.469641	1.767037	2.495821	
9.218656	1.816078	2.513274	1.816078	2.539454	
9.228404	1.861833	2.548181	1.861833	2.583087	
9.238489	1.909804	2.591814	1.909804	2.635447	
9.248595	1.958489	2.635447	1.958489	2.67908	
9.258704	2.007797	2.67908	2.007797	2.722714	
9.269447	2.060966	2.722714	2.060966	2.766347	
9.279016	2.10875	2.75762	2.10875	2.80998	
9.289178	2.160202	2.801253	2.160202	2.86234	
9.299282	2.211934	2.844887	2.211934	2.905973	
9.309384	2.264269	2.88852	2.264269	2.949606	
9.327844	2.362466	2.932153	2.362466	3.001966	
9.332146	2.385251	2.99324	2.385251	3.063053	
9.342272999999999	2.439725	3.036873	2.439725	3.106686	
9.352414999999999	2.494913	3.071779	2.494913	3.159046	
9.362554	2.550685	3.124139	2.550685	3.211406	
9.373588	2.612186	3.167773	2.612186	3.255039	
9.382872	2.664351	3.211406	2.664351	3.307399	
9.393027	2.722051	3.255039	2.722051	3.359759	
9.403131	2.780107	3.298672	2.780107	3.403392	
9.413213	2.838622	3.351032	2.838622	3.455752	
9.423397999999999	2.898378	3.394665	2.898378	3.508112	
9.433486	2.958155	3.438299	2.958155	3.560472	
9.443703	3.019351	3.490658	3.019351	3.612832	
9.453785	3.080326	3.534292	3.080326	3.656465	
9.463887	3.142053	3.586652	3.142053	3.708825	
9.47499	3.208494	3.630285	3.208494	3.761185	
9.484204	3.263118	3.682645	3.263118	3.813544	
9.494356	3.322702	3.735005	3.322702	3.865904	
9.50446	3.381411	3.778638	3.381411	3.918264	
9.514602	3.439741	3.830998	3.439741	3.970624	
9.524757000000001	3.497533	3.874631	3.497533	4.022984	
9.534835000000001	3.554276	3.926991	3.554276	4.075344	
9.554768	3.66367	4.022984	3.66367	4.180064	
9.559047999999999	3.6872	4.049164	3.6872	4.206243	
9.56933	3.743046	4.092797	3.743046	4.258603	
9.579589	3.798139	4.145157	3.798139	4.310963	
9.589703	3.851842	4.197517	3.851842	4.363323	
9.599772	3.904842	4.249877	3.904842	4.415683	
9.609842	3.956958	4.29351	3.956958	4.468043	
9.620329	4.010757	4.34587	4.010757	4.520403	
9.630097	4.060309	4.39823	4.060309	4.572763	
9.641728	4.118492	4.441863	4.118492	4.625123	
9.650407000000001	4.161514	4.494223	4.161514	4.677482	
9.660464	4.210726	4.537856	4.210726	4.729842	
9.670625	4.259868	4.590216	4.259868	4.782202	
9.68083	4.308617	4.642576	4.308617	4.834562	
9.698913000000001	4.392653	4.729842	4.392653	4.921828	
9.703225999999999	4.412731	4.747296	4.412731	4.939282	
9.713331	4.459071	4.799655	4.459071	4.991642	
9.723509	4.505147	4.852015	4.505147	5.044002	
9.733619000000001	4.550302	4.895649	4.550302	5.096361	
9.743766	4.595029	4.948008	4.595029	5.148721	
9.753905	4.639126	4.991642	4.639126	5.192355	
9.76399	4.682388	5.044002	4.682388	5.244714	
9.774167	4.725454	5.087635	4.725454	5.297074	
9.784522	4.76865	5.131268	4.76865	5.340708	
9.794532	4.809786	5.183628	4.809786	5.393067	
9.804574	4.850489	5.227261	4.850489	5.445427	
9.814694	4.890921	5.270894	4.890921	5.48906	
9.824909	4.931108	5.323254	4.931108	5.54142	
9.83501	4.970267	5.375614	4.970267	5.585054	
9.845142	5.008941	5.410521	5.008941	5.637413	
9.855260000000001	5.046967	5.462881	5.046967	5.681047	
9.865383999999999	5.084427	5.506514	5.084427	5.733407	
9.875554	5.12147	5.550147	5.12147	5.77704	
9.886478	5.160537	5.59378	5.160537	5.8294	
9.895886	5.193668	5.637413	5.193668	5.873033	
9.905963999999999	5.228583	5.689773	5.228583	5.916666	
9.916081	5.263043	5.72468	5.263043	5.969026	
9.926275	5.297154	5.77704	5.297154	6.012659	
9.936353	5.330296	5.820673	5.330296	6.056293	
9.946552	5.363231	5.864306	5.363231	6.099926	
9.956638	5.395217	5.899213	5.395217	6.143559	
9.966736000000001	5.426648	5.951573	5.426648	6.187192	
9.978114	5.46131	5.995206	5.46131	6.230825	
9.987144	5.488375	6.038839	5.488375	6.283185	
9.997208	5.517922	6.073746	5.517922	6.326819	
10.007539999999999	5.547645	6.117379	5.547645	6.370452	
10.017489999999999	5.575746	6.161012	5.575746	6.414085	
10.02772	5.603958	6.213372	5.603958	6.457718	
10.03779	5.631174	6.248279	5.631174	6.501351	
10.04791	5.657967	6.291912	5.657967	6.544985	
10.05804	5.684167	6.335545	5.684167	6.588618	
10.0682	5.70988	6.379178	5.70988	6.632251	
10.07932	5.737298	6.422812	5.737298	6.675884	
10.088510000000001	5.759472	6.466445	5.759472	6.719518	
10.0986	5.783238	6.510078	5.783238	6.763151	
10.10868	5.806407	6.553711	5.806407	6.806784	
10.118789999999999	5.829057	6.597345	5.829057	6.850417	
10.12899	5.851319	6.640978	5.851319	6.885324	
10.13907	5.87274	6.684611	5.87274	6.928957	
10.149189999999999	5.893672	6.719518	5.893672	6.97259	
10.159289999999999	5.913996	6.763151	5.913996	7.016224	
10.16947	5.933884	6.806784	5.933884	7.05113	
10.18887	5.969158	6.841691	5.969158	7.094763	
10.193430000000001	5.977509	6.902777	5.977509	7.15585	
10.20337	5.995025	6.94641	5.995025	7.199483	
10.21349	6.012297	6.981317	6.012297	7.243116	
10.22359	6.028956	7.02495	6.028956	7.278023	
10.23381	6.045246	7.068583	6.045246	7.321656	
10.243960000000001	6.060834	7.112217	6.060834	7.365289	
10.25408	6.07582	7.147123	6.07582	7.400196	
10.26423	6.090283	7.190757	6.090283	7.443829	
10.274389999999999	6.104194	7.225663	6.104194	7.487462	
10.29368	6.128081	7.304203	6.128081	7.557276	
10.29805	6.133556	7.321656	6.133556	7.574729	
10.30822	6.145594	7.365289	6.145594	7.618362	
10.31828	6.156975	7.400196	6.156975	7.661995	
10.32868	6.168138	7.443829	6.168138	7.696902	
10.33859	6.178269	7.478736	6.178269	7.731809	
10.34867	6.188031	7.522369	6.188031	7.766715	
10.358789999999999	6.197298	7.557276	6.197298	7.784168	
10.36893	6.206033	7.592182	6.206033	7.792895	
10.37905	6.214233	7.609636	6.214233	7.801622	
10.38924	6.221942	7.627089	6.221942	7.801622	
10.399389999999999	6.229098	7.644542	6.229098	7.801622	
10.40957	6.235751	7.644542	6.235751	7.801622	
10.41965	6.241835	7.644542	6.241835	7.784168	
10.43012	6.247605	7.644542	6.247605	7.775442	
10.43993	6.25256	7.635815	6.25256	7.766715	
10.45002	6.257166	7.627089	6.257166	7.749262	
10.46013	6.261306	7.609636	6.261306	7.731809	
10.47021	6.264974	7.592182	6.264974	7.705629	
10.480369999999999	6.268218	7.574729	6.268218	7.688175	
10.49061	6.271038	7.557276	6.271038	7.661995	
10.50067	6.273402	7.531096	6.273402	7.644542	
10.51098	6.275417	7.504916	6.275417	7.618362	
10.52098	6.277022	7.487462	6.277022	7.592182	
10.53935	6.281755	7.435103	6.281755	7.539822	
10.54367	6.281755	7.426376	6.281755	7.522369	
10.55382	6.281755	7.400196	6.281755	7.496189	
10.56398	6.281755	7.374016	6.281755	7.470009	
10.57409	6.281755	7.347836	6.281755	7.435103	
10.585280000000001	6.281755	7.31293	6.281755	7.408923	
10.59454	6.281755	7.28675	6.281755	7.374016	
10.6046	6.281755	7.251843	6.281755	7.33911	
10.61467	6.281755	7.225663	6.281755	7.31293	
10.62477	6.281755	7.190757	6.281755	7.278023	
10.634960000000001	6.281755	7.15585	6.281755	7.243116	
10.65346	6.281755	7.086037	6.281755	7.173303	
10.657789999999999	6.281755	7.07731	6.281755	7.15585	
10.66796	6.281755	7.042404	6.281755	7.120943	
10.677999999999999	6.281755	7.007497	6.281755	7.086037	
10.68931	6.281755	6.97259	6.281755	7.05113	
10.69844	6.281755	6.928957	6.281755	7.016224	
10.70852	6.281755	6.894051	6.281755	6.97259	
10.71855	6.281755	6.859144	6.281755	6.928957	
10.72887	6.281755	6.815511	6.281755	6.894051	
10.73884	6.281755	6.771877	6.281755	6.859144	
10.74893	6.281755	6.736971	6.281755	6.815511	
10.75905	6.281755	6.702064	6.281755	6.780604	
10.76918	6.281755	6.658431	6.281755	6.736971	
10.77931	6.281755	6.623525	6.281755	6.702064	
10.79062	6.281755	6.579891	6.281755	6.658431	
10.799660000000001	6.281755	6.544985	6.281755	6.614798	
10.80974	6.281755	6.501351	6.281755	6.579891	
10.819939999999999	6.281755	6.457718	6.281755	6.544985	
10.82997	6.281755	6.422812	6.281755	6.501351	
10.84037	6.281755	6.379178	6.281755	6.457718	
10.8503	6.281755	6.335545	6.281755	6.414085	
10.86035	6.281755	6.300639	6.281755	6.370452	
10.870510000000001	6.281755	6.257005	6.281755	6.335545	
10.88061	6.281755	6.213372	6.281755	6.291912	
